133416362232524523656153224431474262672375334167132222736552165646744761168186662371632881751731672656173232421757655517155544351163242112131
521554534142115634465653455513557353567227651274128572411888176411468852283625573427332541834232164626655525732322476654716126523311654224262
144251556351242465447656532525543367223664311462867466645328318121837666841385255211341121434343141232321166414417516466215525552115651136232
265556414346165251211357335434466413117375736848146785718611585383143311164466817371353451415563636167632174655675165163657214115341455111522
344553432665534245626761416253215116733228452716211614217414774283335873311581681476132853322864827748655633352566455425475655224641161246252
542455516633555643765474715441765213622554262342251285712275627175513345371642122624527836743623715281187245437576132572736314634456652442663
213325525561531155635715726173263725358688562228886377478828341438335785437624776863757735571677245754124245314713263356123711262556436122232
354613613556544556147766633325523761846771826757155563751812746583217311732667275281426474243586355578335717374272225615116227373555625416264
664516235246217217222341632223225667734614218667865686265776334815726112667325738268267212357723611321868618521763627167557524441534132432114
653154262554473425744317557554338825285444371236644134886865414255118521532346272565166117622261488273257864722663332566444525425544523222111
